6 29 37 49 90
26 44 48 61 65
23 26 28 32 55
4 14 25 52 65
11 58 69 86 89
25 28 49 73 80
15 38 64 72 75
5 18 32 41 86
32 47 53 54 56
30 35 64 77 83
16 25 26 44 78
8 34 50 56 62
17 21 50 64 66
8 22 24 53 81
15 29 30 38 45
4 13 78 84 85
16 40 46 72 82
32 38 51 57 65
18 47 68 73 79
19 45 53 83 87
42 45 55 81 82
7 10 19 35 63
28 31 42 60 64
19 61 74 77 79
10 20 45 66 89
18 53 58 74 90
15 39 49 50 72
7 10 17 41 56
4 28 36 53 76
4 21 34 37 81
2 3 49 50 76
2 41 51 74 87
3 14 25 37 42
19 26 53 84 86
2 25 28 29 88
14 51 57 64 82
8 21 45 57 81
30 46 48 54 67
39 40 66 78 80
6 18 39 72 82
15 27 37 53 70
25 28 49 58 84
30 43 44 65 83
28 45 63 68 90
17 29 55 63 83
36 47 61 64 68
37 64 66 73 82
11 24 26 38 67
27 38 46 82 86
7 30 45 65 80
11 13 34 73 77
18 19 21 29 58